12
300 0.277538 0.061578203413361454 0.020184266500085542 0.02747003114583849 0.03837169380096467 0.05310512897348635 0.07355923860859886
400 0.125793 0.03062188655924014 0.014262761343606966 0.019353930747099214 0.026878379644907607 0.03698584831360545 0.051398349933785704
500 0.030987 0.01008608068158168 0.007524280636259906 0.01008608068158168 0.01359848577516749 0.020510512312545068 0.02573078410301205
600 0.00954 0.007388933172218075 0.00740365216260098 0.00740365216260098 0.009626219710419564 0.01536662595975233 0.02185770071861323
700 0.003919 0.007400910275293959 0.007400910275293959 0.007400910275293959 0.010128337368778887 0.013268564238575075 0.019991303452786116
1000 0.000564 0.007503922208094643 0.007503922208094643 0.007503922208094643 0.007503922208094643 0.011375467729801046 0.015187221042678025
1100 0.000327 0.008360245315277758 0.008360245315277758 0.008360245315277758 0.008360245315277758 0.008360245315277758 0.013006676476557401
1200 0.000197 0.00847551796677435 0.00847551796677435 0.00847551796677435 0.00847551796677435 0.00847551796677435 0.01325354901178853
1500 6.9e-05 0.007513912343157499 0.007513912343157499 0.007513912343157499 0.007513912343157499 0.007513912343157499 0.011809714818229398
1700 2.2e-05 0.007090939078604511 0.007090939078604511 0.007090939078604511 0.007090939078604511 0.007090939078604511 0.011144922177328659
1800 1.5e-05 0.008561299478967482 0.008561299478967482 0.008561299478967482 0.008561299478967482 0.008561299478967482 0.0134559069500106
2000 8e-06 0.013460104710527254 0.013460104710527254 0.013460104710527254 0.013460104710527254 0.013460104710527254 0.021166884345977917
