12
300 0.277538 0.056831869945819666 0.02012459983917135 0.0271547933829885 0.03751225410021529 0.05409492436769238 0.07099958823259621
400 0.125793 0.02679643936462123 0.014488557559905569 0.0195151999786483 0.02679643936462123 0.03648011814190503 0.05019250297538704
500 0.030987 0.009571282616068105 0.00723091840134651 0.009571282616068105 0.012783230745237786 0.019174846117856848 0.026680152047826203
600 0.00954 0.0071908884640714665 0.0071908884640714665 0.0071908884640714665 0.01190364205905075 0.014811511298506075 0.021085633105803112
700 0.003919 0.007163173716046971 0.007163173716046971 0.007163173716046971 0.009760180919872687 0.01278526623421908 0.019277784243783274
1000 0.000564 0.007291131234921238 0.007291131234921238 0.007291131234921238 0.007291131234921238 0.01103836601302835 0.014742028293715643
1100 0.000327 0.00813561186692076 0.00813561186692076 0.00813561186692076 0.00813561186692076 0.00813561186692076 0.012624784152054324
1200 0.000197 0.008271916744494692 0.008271916744494692 0.008271916744494692 0.008271916744494692 0.008271916744494692 0.012918690692597101
1500 6.9e-05 0.0073452044130055795 0.0073452044130055795 0.0073452044130055795 0.0073452044130055795 0.0073452044130055795 0.011529922465036582
1700 2.2e-05 0.006975416723745848 0.006975416723745848 0.006975416723745848 0.006975416723745848 0.006975416723745848 0.010963354173377437
1800 1.5e-05 0.008401110758722987 0.008401110758722987 0.008401110758722987 0.008401110758722987 0.008401110758722987 0.013204136232335708
2000 8e-06 0.013350057176778802 0.013350057176778802 0.013350057176778802 0.013350057176778802 0.013350057176778802 0.020993827488731538
