12
300 0.277538 0.02555908047827943 0.011302507950193707 0.015091416865315446 0.02122431180419924 0.029765411562016505 0.04000830939188006
400 0.125793 0.02310787031969021 0.010345487859963537 0.013970829759608883 0.019335156798108283 0.027381647355857238 0.03634184196961432
500 0.030987 0.006779504567388108 0.0033699291709238357 0.0045117404664839445 0.006129306468527474 0.008991763952535748 0.011473617671357166
600 0.00954 0.005545902612736793 0.002818743162803767 0.003347893503835521 0.0047165612128504154 0.006446475789300528 0.008374821743637469
700 0.003919 0.004168877676999953 0.0025678240415386287 0.003289065455596286 0.004168877676999953 0.005176569581747176 0.0073761001352563435
1000 0.000564 0.0025972399044073753 0.0025972399044073753 0.0025972399044073753 0.0025972399044073753 0.003753296788005897 0.004997483568560359
1100 0.000327 0.002777294511723715 0.002777294511723715 0.002777294511723715 0.002777294511723715 0.00411882200042058 0.005499154003253395
1200 0.000197 0.0025448718746326334 0.0025448718746326334 0.0025448718746326334 0.0025448718746326334 0.003875723034620167 0.003875723034620167
1500 6.9e-05 0.002532344811297842 0.002532344811297842 0.002532344811297842 0.002532344811297842 0.002532344811297842 0.003927409018719375
1700 2.2e-05 0.0023161419886333825 0.0023161419886333825 0.0023161419886333825 0.0023161419886333825 0.0023161419886333825 0.003568985259930043
1800 1.5e-05 0.0022580052736843586 0.0022580052736843586 0.0022580052736843586 0.0022580052736843586 0.0022580052736843586 0.0035199643088772038
2000 8e-06 0.002045455500003948 0.002045455500003948 0.002045455500003948 0.002045455500003948 0.002045455500003948 0.0031559622784492047
