12
300 0.277538 0.02768230376440024 0.012222907756669019 0.01649231778998442 0.022862002113882656 0.03157297581088943 0.042935115415680875
400 0.125793 0.025169850364409718 0.010988330196402742 0.01496416476889035 0.02044267697507406 0.029270908073038667 0.03913223004416847
500 0.030987 0.007396505248594299 0.003612436817545414 0.004405211413251108 0.006023452340567916 0.0089657085720529 0.012455551379952919
600 0.00954 0.005879640901248472 0.002479428621523876 0.00351852526373931 0.004994865542530454 0.00683643285893191 0.00886318571553016
700 0.003919 0.0043730922236980534 0.002683731413565292 0.00344822064093548 0.0043730922236980534 0.0054369618478007095 0.007741121686937618
1000 0.000564 0.0026922484085553865 0.0026922484085553865 0.0026922484085553865 0.0026922484085553865 0.003917463253167446 0.005217910588238141
1100 0.000327 0.0028854367693507198 0.0028854367693507198 0.0028854367693507198 0.0028854367693507198 0.004296478702466339 0.005736317409727096
1200 0.000197 0.0026448874427505726 0.0026448874427505726 0.0026448874427505726 0.0026448874427505726 0.004028042153330679 0.004028042153330679
1500 6.9e-05 0.002639492304442477 0.002639492304442477 0.002639492304442477 0.002639492304442477 0.002639492304442477 0.0040935838733569
1700 2.2e-05 0.0024367060093024823 0.0024367060093024823 0.0024367060093024823 0.0024367060093024823 0.0024367060093024823 0.003759628233913809
1800 1.5e-05 0.0023613210080901366 0.0023613210080901366 0.0023613210080901366 0.0023613210080901366 0.0023613210080901366 0.003685734587478027
2000 8e-06 0.002184497747902602 0.002184497747902602 0.002184497747902602 0.002184497747902602 0.002184497747902602 0.00337921308308287
