12
300 0.277538 0.03178830360992059 0.008027349396444448 0.010596101203306644 0.014770322889457713 0.020550014454897656 0.027870957104454915
400 0.125793 0.02508265005364325 0.006955940555417061 0.009254937857631183 0.013086600027988053 0.018627773012811835 0.024168945997635617
500 0.030987 0.005986580056582457 0.002077462218310694 0.0028545282389001903 0.004059773495324715 0.005693197987584268 0.00753278285265328
600 0.00954 0.0025439920241911254 0.0013941076292567367 0.0018927300659981972 0.002594871864674948 0.0036837004510287493 0.00510833598457578
700 0.003919 0.0017457628727982274 0.001248138876346404 0.0015173453006564102 0.0021781247057809706 0.0029939017491446254 0.004160462921154666
1000 0.000564 0.0009883628925863067 0.0009924302295928362 0.0009924302295928362 0.0015943961065589807 0.0020418031772770633 0.002871539926608798
1100 0.000327 0.0010614369050782064 0.0010657693006091323 0.0010657693006091323 0.0014210257341455135 0.0018889244514861132 0.0028073923040435864
1200 0.000197 0.0010068394030480874 0.0010151603898501435 0.0010151603898501435 0.0010151603898501435 0.0014644936771608574 0.0023631602517822856
1500 6.9e-05 0.0010060176958607446 0.0010146161377057022 0.0010146161377057022 0.0010146161377057022 0.0015133257647135957 0.001556317973938414
1700 2.2e-05 0.0009236037778644663 0.0009275340067064368 0.0009275340067064368 0.0009275340067064368 0.0013755800946917548 0.0018550680134128855
1800 1.5e-05 0.0009698451917470147 0.0009740803235887048 0.0009740803235887048 0.0009740803235887048 0.0014653556172247472 0.0019481606471774095
2000 8e-06 0.0010411001047924285 0.0010451828503014184 0.0010451828503014184 0.0010451828503014184 0.001543277802398188 0.002082200209584857
