12
300 0.277538 0.03267475904529345 0.008883127327382053 0.011362139604790971 0.01597585689885757 0.022379971948830606 0.029954731685357856
400 0.125793 0.026359470157752467 0.007262941896197806 0.009704793050953973 0.013774544975547587 0.018908693557342607 0.025169850364409704
500 0.030987 0.006497482511196072 0.002239383909519107 0.002942256231484956 0.00413550459203163 0.005851820727064518 0.007976783560914769
600 0.00954 0.002741774803469357 0.001491772407140909 0.001954736257632915 0.002695478418420124 0.0038168797451674265 0.005072026184279136
700 0.003919 0.0018464775808747713 0.0011803966270432348 0.0015851040420294857 0.0021415767376355807 0.0030943254437490464 0.004257859261834536
1000 0.000564 0.001022743255011203 0.0010227432550112092 0.0010227432550112092 0.0013664520538264474 0.002129317924367586 0.0029927814921229404
1100 0.000327 0.00109869306013748 0.0011031775216074316 0.0011031775216074316 0.001479872285083136 0.0019641941238376136 0.0028879931866471016
1200 0.000197 0.001042528865480344 0.0010511448065173715 0.0010511448065173715 0.0010511448065173715 0.0015164056225168625 0.0024641591365899126
1500 6.9e-05 0.001038785129896167 0.001038785129896171 0.001038785129896171 0.001038785129896171 0.0015669809586569302 0.0016021940139076475
1700 2.2e-05 0.000959399019913598 0.0009675295200823525 0.0009675295200823525 0.0009675295200823525 0.0014309680297016352 0.0019269285399959553
1800 1.5e-05 0.0010054585394160657 0.0010098491880598038 0.0010098491880598038 0.0010098491880598038 0.0015191644307334443 0.001545508322595874
2000 8e-06 0.0010944290114242553 0.001098789286370164 0.001098789286370164 0.001098789286370164 0.0016307428297715973 0.0021975785727403373
