12
300 0.277538 0.03178830360992059 0.008220005781959113 0.010724538793649754 0.015155635660487042 0.021577515177642535 0.02870580144168513
400 0.125793 0.02508265005364325 0.007014889204191782 0.009372835155180625 0.013145548676762774 0.01839197841771295 0.024463689241509223
500 0.030987 0.005986580056582457 0.0021250376889590306 0.0028703867291163024 0.003964622554028042 0.00548703761477481 0.007707226245030513
600 0.00954 0.0025439920241911254 0.0015060432783211462 0.001963961842675549 0.002696631545642593 0.0038872198129640393 0.005423790995575479
700 0.003919 0.0017457628727982274 0.001248138876346404 0.0015173453006564102 0.0021454936240464244 0.0029775862082773523 0.004119674068986481
1000 0.000564 0.0009883628925863067 0.0009924302295928362 0.0009924302295928362 0.0015943961065589807 0.0020418031772770633 0.0028878092746349106
1100 0.000327 0.0010614369050782064 0.0010657693006091323 0.0010657693006091323 0.0014210257341455135 0.001914918824671702 0.0028073923040435864
1200 0.000197 0.0010068394030480874 0.0010151603898501435 0.0010151603898501435 0.0010151603898501435 0.0014644936771608574 0.0023881232121884363
1500 6.9e-05 0.0010060176958607446 0.0010146161377057022 0.0010146161377057022 0.0010146161377057022 0.0015133257647135957 0.001556317973938414
1700 2.2e-05 0.0009236037778644663 0.0009275340067064368 0.0009275340067064368 0.0009275340067064368 0.0013755800946917548 0.0018550680134128855
1800 1.5e-05 0.0009698451917470147 0.0009740803235887048 0.0009740803235887048 0.0009740803235887048 0.0014653556172247472 0.0019312201198106495
2000 8e-06 0.0010411001047924285 0.0010451828503014184 0.0010451828503014184 0.0010451828503014184 0.001543277802398188 0.002082200209584857
