12
300 0.277538 0.03267475904529345 0.008469958614480567 0.011155555248340228 0.015700411090256577 0.022035664688079368 0.028852948450953892
400 0.125793 0.026359470157752467 0.007262941896197806 0.009892627755165986 0.013837156543618258 0.019346974533837304 0.026609916430035137
500 0.030987 0.00650565544517242 0.0022066921736137186 0.0028605268917214852 0.004021083516362771 0.00570470791549027 0.00766621206981357
600 0.00954 0.002741774803469357 0.001491772407140909 0.001985600514332382 0.002705766503986613 0.0037963035740344485 0.005308652152308393
700 0.003919 0.0018464775808747713 0.0011803966270432348 0.0015851040420294857 0.0021415767376355807 0.0030690312303124057 0.004173545217045729
1000 0.000564 0.001022743255011203 0.0010227432550112092 0.0010227432550112092 0.0013664520538264474 0.002129317924367586 0.0029927814921229404
1100 0.000327 0.00109869306013748 0.0011031775216074316 0.0011031775216074316 0.001479872285083136 0.0019641941238376136 0.0025740808837506736
1200 0.000197 0.001042528865480344 0.0010511448065173715 0.0010511448065173715 0.0010511448065173715 0.0015164056225168625 0.0024641591365899126
1500 6.9e-05 0.001038785129896167 0.001038785129896171 0.001038785129896171 0.001038785129896171 0.0015669809586569302 0.0016021940139076475
1700 2.2e-05 0.000959399019913598 0.0009675295200823525 0.0009675295200823525 0.0009675295200823525 0.0014309680297016352 0.0019106675396584367
1800 1.5e-05 0.0010054585394160657 0.0010098491880598038 0.0010098491880598038 0.0010098491880598038 0.0015191644307334443 0.001545508322595874
2000 8e-06 0.0010944290114242553 0.001098789286370164 0.001098789286370164 0.001098789286370164 0.0016307428297715973 0.0021975785727403373
