12
300 0.277538 0.05551558175316882 0.012819716575895822 0.016910338389287027 0.023886309517480955 0.03363805973333343 0.04532555062873798
400 0.125793 0.0569570090706721 0.01211034445313937 0.016298359825982895 0.02258038288524818 0.03189871708982502 0.04306675808407442
500 0.030987 0.013283312649415796 0.0035367615473118293 0.00469143691108719 0.006846224794668015 0.009173759386215235 0.012574141953553752
600 0.00954 0.004344299429176762 0.002513748289151514 0.003296035101128131 0.004344299429176762 0.006357384158663089 0.008667737876700507
700 0.003919 0.003095873879565137 0.002047600378842785 0.0025166721787769114 0.0037811265959906437 0.004552035901969338 0.007109496932914532
1000 0.000564 0.0020377358402705594 0.0020377358402705594 0.0020377358402705594 0.0028105298715109008 0.0037012766759405573 0.0046367641874419455
1100 0.000327 0.0021705301609966647 0.0021705301609966647 0.0021705301609966647 0.0021705301609966647 0.0031019952001469326 0.005155550681808329
1200 0.000197 0.0020844071939136025 0.0020844071939136025 0.0020844071939136025 0.0020844071939136025 0.003099567583763787 0.004139690934020123
1500 6.9e-05 0.002153909682163396 0.002153909682163396 0.002153909682163396 0.002153909682163396 0.002153909682163396 0.003366289982303275
1700 2.2e-05 0.0019690446498302093 0.0019690446498302093 0.0019690446498302093 0.0019690446498302093 0.0019690446498302093 0.003053787810215658
1800 1.5e-05 0.002121801052686721 0.002121801052686721 0.002121801052686721 0.002121801052686721 0.002121801052686721 0.003277992045468067
2000 8e-06 0.0025207263088429708 0.0025207263088429708 0.0025207263088429708 0.0025207263088429708 0.0025207263088429708 0.00386913878542963
