12
300 0.277538 0.05307696738073664 0.0132217499273413 0.01797094171158741 0.024581816675257995 0.034346154983668276 0.046846027759805176
400 0.125793 0.05518688024159083 0.01269915061443544 0.016944295248403872 0.02376555329272944 0.03323549132235164 0.044555877012934494
500 0.030987 0.013807425997458123 0.003819468812424934 0.004762775879900344 0.00702856246354226 0.009488559325781897 0.013058329208580662
600 0.00954 0.004619897926527189 0.002626487835919195 0.0030188913970625006 0.004619897926527189 0.006011622556715447 0.008376508018539196
700 0.003919 0.003254522128847836 0.002116282524198947 0.002626382495171227 0.003254522128847836 0.0048143319574407584 0.0065891426002451375
1000 0.000564 0.0020999769293467744 0.0020999769293467744 0.0020999769293467744 0.002917333219212322 0.003852053489161128 0.004824497895565172
1100 0.000327 0.0022467151964444165 0.0022467151964444165 0.0022467151964444165 0.0022467151964444165 0.003219843335423343 0.005354446995119053
1200 0.000197 0.0021582932297754477 0.0021582932297754477 0.0021582932297754477 0.0021582932297754477 0.0032223619478483844 0.004303662547995376
1500 6.9e-05 0.002205217585076193 0.002205217585076193 0.002205217585076193 0.002205217585076193 0.002205217585076193 0.0034464777826639465
1700 2.2e-05 0.0020366902922741834 0.0020366902922741834 0.0020366902922741834 0.0020366902922741834 0.0020366902922741834 0.003162764565647323
1800 1.5e-05 0.0021997149705128656 0.0021997149705128656 0.0021997149705128656 0.0021997149705128656 0.0021997149705128656 0.003402752698897095
2000 8e-06 0.0026229841916093903 0.0026229841916093903 0.0026229841916093903 0.0026229841916093903 0.0026229841916093903 0.004031332989100236
